---
images/banner-large.jpg: 2017-03-05 20:45:40.000000000 +01:00
images/banner-med.jpg: 2017-03-05 20:48:33.000000000 +01:00
images/banner-small.jpg: 2017-03-05 20:49:19.000000000 +01:00
images/banner-xl.jpg: 2017-03-05 20:50:08.000000000 +01:00
images/banner-xl2.jpg: 2017-03-05 20:50:26.000000000 +01:00
images/12002896_876876989034452_5668776844147062846_n.jpg: 2017-03-05 23:04:30.000000000
  +01:00
images/profile-photo.jpg: 2017-03-05 23:04:30.000000000 +01:00
images/vnencak_stanislav_banner.png: 2017-03-11 16:59:32.000000000 +01:00
images/11259855_947614608627356_263658665367962068_o.jpg: 2017-03-11 20:17:44.000000000
  +01:00
images/profile_image.jpg: 2017-03-11 20:51:45.000000000 +01:00
images/jekyll-logo.png: 2017-03-12 01:50:44.000000000 +01:00
